Numero de muestras analizadas: 138
-2.97912 -1.88474 -0.982081 5.57616 1.79852 0.338158 0.217703 0.0485937 
-2.66647 -2.33279 1.19418 -4.44776 -3.44243 -2.80022 0.575683 -0.880843 
3.35858 2.08636 2.22781 5.29158 -1.24606 -0.640372 0.353648 -0.253014 
-2.66248 -1.91529 -1.97387 4.71346 2.69845 1.60121 1.29739 -0.587375 
1.19945 -2.31285 -4.72755 3.32236 1.87255 0.653317 1.0533 0.0900011 
4.75513 2.14108 1.92701 2.60456 2.93757 2.11304 -0.640653 0.303769 
2.12154 -2.47048 -2.98978 4.41998 1.97235 2.07701 -0.385048 0.442203 
2.49932 1.39793 1.64411 5.19093 0.84926 0.479733 -2.99506 0.75215 
1.77982 3.16421 -2.30679 5.10548 -1.33582 0.757579 -0.566794 -0.17916 
2.28037 -1.58159 -2.4071 5.39148 1.47544 0.963259 -0.830703 1.23075 
3.94651 4.02949 1.91225 3.66658 2.04215 -0.271061 -0.487044 0.219373 
-3.5544 -2.71225 -3.5615 3.82181 -0.810039 1.50322 0.917855 0.143294 
3.16347 1.32885 0.937232 5.68659 -1.5725 -1.1163 0.0938922 0.177268 
-4.80677 2.67984 -2.38418 3.53024 -1.37224 -0.101973 -0.656225 0.464614 
2.64769 1.96236 1.31597 5.16336 1.95703 1.94751 -1.08177 1.70369 
-3.90456 3.12138 -1.41548 4.07685 1.18517 -0.478785 -1.37961 1.06308 
1.02186 -1.90078 -1.05405 6.01055 1.84883 0.819757 -0.0341121 0.689031 
4.52284 -2.37041 -2.69114 4.00793 2.13804 -0.415899 0.435765 -0.30463 
-1.62472 1.71963 -1.81702 5.56598 -2.37871 -1.12802 0.185236 -0.55354 
4.42997 1.90889 -0.84186 4.67429 1.27153 0.966293 -0.848382 0.38037 
-3.31802 -2.96936 3.36939 3.23217 2.2106 2.49268 0.357544 0.17111 
-2.99324 -2.45591 -1.64285 4.70129 2.56363 2.04599 0.478579 -0.185287 
-2.63369 2.85417 2.19259 3.90064 -4.23157 -1.69699 0.0612563 -0.120406 
3.35554 0.884182 1.60071 5.33509 1.82214 0.305824 -1.08999 0.765077 
-2.69778 2.17022 1.9713 4.78348 -1.47718 -1.9496 1.55236 -1.20562 
2.52038 -1.75129 -2.97158 5.08854 1.69342 1.20281 -1.04343 0.419497 
2.64991 2.53784 1.03393 5.01715 -2.88726 -1.6187 1.21602 -1.2019 
-4.06545 -4.10446 -1.99683 3.72487 -2.02965 -1.3748 -0.0734198 0.0266585 
2.50762 0.873274 1.08862 5.94714 1.55994 1.30603 0.264019 -0.0589363 
1.5466 -1.39195 -1.50959 5.91374 -1.90925 -1.68651 0.851222 -0.247056 
-2.62944 -3.55638 -2.51988 3.83197 -2.34725 -2.25415 1.02567 -1.15397 
2.78075 1.28827 -2.28635 5.76327 1.06848 0.604159 1.27628 -0.59821 
3.1074 2.53457 1.38511 5.1338 -1.71639 -1.02849 -1.09208 0.3304 
-3.21778 -3.8699 -2.07867 4.29049 1.03599 -0.632448 -0.530826 0.649825 
4.18118 0.943578 0.968731 4.45445 -2.17865 1.56792 0.185093 1.10899 
-5.63739 -2.38221 -0.496802 3.77549 -2.2178 0.327075 -0.267736 0.27635 
-4.21259 -3.54876 -1.84947 3.83136 1.28014 -0.412606 -1.0663 0.477015 
-1.66501 2.61366 3.04765 5.14907 -1.85425 0.226212 -0.123655 0.732696 
-2.79653 -0.965697 1.26228 5.8061 2.5458 -1.15619 -0.459727 0.520255 
2.0534 -1.2119 -0.758783 6.7178 0.994226 0.564296 0.000709307 0.260227 
1.88547 -0.929196 -0.852607 6.1943 -1.86994 -1.37553 1.17807 -0.409742 
2.26993 1.37331 1.32201 5.99846 1.47213 0.633709 -0.485928 0.506274 
-2.65627 -2.9786 -2.49886 4.54578 2.1916 -0.59162 0.783043 -0.623594 
4.02767 1.34646 0.786566 5.60821 -2.02723 -1.06064 0.0758659 -0.10048 
4.4797 2.75529 1.04523 -5.0104 -3.08158 -1.23548 0.0823037 -0.360807 
-2.39054 -1.22967 -1.76582 5.6412 -2.1507 -1.69624 0.419202 -0.0519879 
1.70426 0.91625 -1.36659 6.32422 -0.660145 -0.310138 1.4462 -0.434514 
-2.81955 -1.33376 1.4954 5.99763 -1.26655 0.505647 -0.118459 -0.059402 
3.96599 1.04366 -1.03003 5.58211 -0.862818 -0.498686 0.196821 -0.554885 
1.92131 -1.57945 -1.14643 6.20212 1.08303 -1.07168 -0.92839 0.674884 
2.21374 1.48992 0.747994 -5.76955 -2.44514 -0.987837 0.830033 -0.825827 
-3.18313 -3.50737 2.59099 4.3316 0.865681 -0.742782 0.186921 -0.101724 
2.14094 2.13351 1.80318 5.64963 -2.05341 -0.384046 0.216022 -0.0363715 
0.437891 2.04481 2.76546 0.438547 -2.15368 -4.41994 3.22672 -2.3963 
-1.86483 -1.50631 1.87256 5.49103 -1.97191 -2.11956 1.40958 -1.17582 
3.72055 1.42461 -2.16952 5.05886 2.11325 1.72842 0.428092 0.00843936 
-1.74012 2.01035 -1.70648 5.82082 -1.90489 -0.894251 1.03768 -0.419271 
-2.68016 1.82722 1.53739 4.76539 2.43268 -1.46129 1.76633 -1.40205 
3.86577 2.39214 1.5377 5.2061 2.21973 -0.244836 0.934299 -0.539185 
3.25797 2.34714 1.54662 5.62419 -0.944557 0.605391 -0.177524 0.16881 
-2.19944 -1.23998 1.26855 5.7197 -2.04105 -2.31862 0.914274 -0.23472 
1.22779 2.8053 2.05092 3.53141 -4.70546 0.411538 -1.25511 1.21826 
3.25719 3.30361 2.48666 4.49937 2.57286 0.551157 0.225531 -0.060057 
1.37854 1.82298 2.07913 5.0614 1.75229 2.60698 -1.06562 1.32467 
-2.65848 -2.78936 -2.5008 5.16114 -1.37157 0.356102 0.288942 0.227868 
3.56046 -0.695779 -1.35726 5.36426 -1.56233 0.5508 0.0898466 0.665863 
-2.40664 -3.3218 -3.19969 3.85936 -1.96178 -1.25766 0.340532 0.354405 
2.70835 -2.06212 1.01251 5.72632 1.25902 0.232952 -1.26551 0.438609 
-2.78438 -3.43144 1.03378 -4.27385 -3.85273 -1.51358 -0.123892 -0.249135 
-3.81372 2.38474 -1.2057 4.1177 1.27794 2.18629 -1.40134 1.15813 
-1.21839 -2.76709 -2.6295 5.62237 1.10769 0.708612 -0.255232 0.0112579 
1.57744 -1.42886 -1.97546 6.19849 1.59191 -0.383878 0.0587237 0.190708 
-2.86776 -2.05808 -0.821593 5.3371 -1.76065 -0.698965 -0.776527 0.514363 
2.13343 -2.19629 -1.74219 6.00793 -0.762245 -0.46752 1.02162 -0.555331 
2.43542 -1.47176 -2.05188 5.80325 1.63523 -0.548003 -0.29254 0.192256 
-1.38168 3.11907 1.87553 5.10988 -2.6306 -0.847042 0.7394 -0.254461 
-1.48624 3.23043 2.37858 4.15364 -3.81482 -2.03858 0.69878 -0.295757 
-2.13414 1.57305 1.08676 5.01937 3.47578 -1.02072 0.745374 0.235577 
3.27959 1.15399 1.01272 5.46518 1.60842 1.28119 0.681092 0.450083 
-2.8208 -0.995797 -1.17708 5.76774 1.37489 1.5746 -0.818088 0.563958 
1.80832 -1.16065 -1.93534 5.61518 -0.760807 -2.41645 1.66809 -1.24874 
2.9642 -1.98944 -2.21114 5.19428 2.90708 1.09861 0.620768 -0.0782063 
-2.77293 -3.60108 -2.7725 4.50245 -1.04928 -0.435517 1.01825 -0.971509 
-1.64303 -0.699283 1.14114 6.29799 1.73157 1.14319 -0.0961126 -0.0982528 
2.23859 -2.25564 1.26909 5.85521 1.19786 -1.35577 0.443013 -0.102535 
-3.17938 -2.17081 1.3835 3.63915 -4.2218 -2.11418 0.371916 -0.0782723 
-2.64502 1.91757 1.60339 5.09682 -2.62004 -0.465323 0.0476207 0.161333 
2.74709 2.25502 0.931561 5.78564 -1.81387 -1.837 0.544515 -0.0493258 
-2.52512 -2.1074 2.19707 5.08821 -1.11898 -1.71935 0.502448 -1.15747 
2.51098 -1.07911 -1.81485 4.72476 -1.61428 0.5171 -2.64926 1.47375 
-4.56218 -2.14867 -1.33263 5.02271 -0.987913 1.1192 0.204816 -0.23527 
-1.79257 2.28576 3.12334 5.15159 -1.15954 -1.34598 1.2637 -0.798572 
1.69448 -0.537744 0.883957 6.44117 -0.836003 0.512719 -0.102811 0.633883 
5.16045 2.78615 -1.97655 3.89749 0.916949 -0.812956 0.789568 -0.402187 
-4.40746 -1.69931 -1.02898 5.19359 1.46318 0.537301 -0.0328916 0.185523 
1.62553 -1.10485 -1.65155 5.65128 1.98625 2.2034 -0.163692 0.888975 
-3.60985 0.986216 -1.2486 4.42218 -2.89945 -0.708848 -1.54355 0.768102 
-1.92684 3.28437 -2.02448 5.16724 -1.69992 -1.44481 0.392687 -0.46464 
-1.26391 -1.26429 0.981785 6.31432 -1.25485 -1.08166 0.980013 -0.0351629 
1.77148 -1.96628 -3.00905 5.62472 -1.13235 -0.691546 0.663964 -0.345631 
2.42846 0.779535 1.35767 6.34869 -0.496179 -0.377763 -0.234673 0.0494639 
-2.53899 -4.2159 -4.78346 2.13545 1.65094 1.50638 -1.38623 0.573684 
1.89914 0.946005 1.89732 6.20226 -0.818315 -0.791582 0.661354 -0.949214 
-2.03177 -1.2934 -0.439515 -5.78947 -3.58806 -0.990117 0.200948 -0.192439 
2.51563 1.92093 1.51014 6.13659 1.23575 0.330029 0.324304 0.123835 
-2.54283 4.4805 3.33357 3.33246 -2.15608 1.01927 -0.811183 0.772631 
-0.959805 -2.4308 -4.94887 3.31458 -2.54517 -2.5872 0.113715 -0.546014 
1.92503 -0.553787 -0.0986243 6.44691 0.389227 -0.231176 1.79754 -0.692185 
-2.40047 -1.23915 -0.757097 6.41841 -0.553215 -0.624313 0.936862 -0.50361 
2.62904 1.28472 0.545562 6.07877 -2.01001 -0.153642 1.29489 0.147039 
2.62714 -2.38231 2.14979 5.6226 -0.478185 0.305388 0.870263 -0.338745 
1.99362 -0.780262 0.265687 6.53803 -0.314589 0.24399 1.62456 0.0581575 
2.57255 1.83361 -3.63684 4.6357 1.31884 1.57203 -0.815613 0.956561 
-2.32391 -0.752605 0.683483 6.35558 0.708688 -0.284716 0.287463 0.253047 
1.5212 1.75631 4.69977 4.24663 -1.46353 -2.33614 -1.00319 0.18086 
2.72509 -0.973986 1.48867 6.15495 0.630278 -0.188307 0.392679 0.193367 
1.96809 -2.56722 -4.3056 4.63769 1.14582 0.98821 0.450431 -0.059571 
2.68511 0.637557 0.633822 6.50601 0.551143 -0.0490813 0.733014 0.117807 
1.52221 2.17126 0.96922 6.11759 -0.861493 -1.75875 0.25028 -0.393805 
-2.1783 -1.19409 -2.01126 5.8723 -1.30508 1.43201 -0.369402 1.30205 
1.81632 -0.433499 1.43253 6.13063 0.306525 -0.563821 2.01902 -1.06368 
1.33265 -0.625576 1.76836 6.02152 -0.703445 -1.59868 1.67002 -0.394301 
1.98923 2.05836 4.47269 4.64134 -1.00648 -0.602203 -0.048797 -0.715182 
2.38295 1.93758 1.58272 6.05771 0.234125 0.12787 -1.17293 1.34447 
1.79735 1.3351 -0.939492 6.11203 -0.750937 -1.21004 1.45463 -0.67219 
1.24488 1.34379 -2.61793 5.24118 -1.33567 -2.55308 -1.431 -0.079724 
-3.99169 -4.76158 -2.61921 2.85119 0.349711 2.0925 -0.624275 0.867922 
2.24748 -0.886615 -1.48304 6.17426 0.47916 -1.38429 0.366297 -0.926938 
3.52619 2.91143 2.27592 4.79219 1.45609 0.898453 -0.721547 0.748874 
1.5097 0.80456 -3.08172 4.84024 -0.41235 -2.61341 2.06717 -1.63867 
1.98965 0.980862 1.36932 6.39455 -0.976189 0.155581 -0.28633 0.446924 
1.24845 -0.511137 0.489841 6.43062 -0.344973 -0.260609 1.93165 -0.436427 
1.84751 -0.531613 -1.53899 5.3953 -0.482114 -2.98949 1.77549 -1.62883 
-2.84654 -2.29835 2.07595 5.18108 -1.01953 -1.66412 0.999973 -0.957241 
1.9623 -0.317121 1.08161 5.94083 0.754414 -1.24259 2.28662 -1.09513 
1.04119 -1.3229 -3.0906 5.74205 -0.6563 -1.28955 -1.13565 -0.424029 
-5.09771 -3.85687 -1.83061 1.96021 2.37043 2.85619 -0.640217 0.703029 
2.17272 0.515022 0.855866 6.25213 -0.410623 0.317133 1.84142 -0.440594 
